0
2
3
5
5
7
8
10
10
12
13
15
15
17
18
20
19
21
22
24
24
26
27
29
28
30
31
33
34
36
37
39
36
38
39
41
41
43
44
46
46
48
49
51
51
53
54
56
55
57
58
60
60
62
63
65
65
67
68
70
70
72
73
75
70
72
73
75
75
77
78
80
80
82
83
85
85
87
88
90
89
91
92
94
94
96
97
99
99
101
102
104
104
106
107
109
106
108
109
111
112
114
114
116
116
118
119
121
121
123
124
126
125
127
128
130
130
132
133
135
135
137
138
140
140
142
143
145
136
138
139
141
141
143
144
146
146
148
149
151
151
153
154
156
155
157
158
160
160
162
163
165
164
166
167
169
170
172
173
175
172
174
175
177
177
179
180
182
182
184
185
187
187
189
190
192
191
193
194
196
196
198
199
201
201
203
204
206
206
208
209
211
206
208
209
211
211
213
214
216
216
218
219
221
221
223
224
226
225
227
228
230
230
232
233
235
235
237
238
240
240
242
243
245
242
244
245
247
248
250
250
252
252
254
255
257
257
259
260
262
261
263
264
266
266
268
269
271
271
273
274
276
276
278
279
281
264
266
267
269
269
271
272
274
273
275
276
278
279
281
282
284
282
284
285
287
288
290
290
292
292
294
295
297
297
299
300
302
300
302
303
305
305
307
308
310
310
312
313
315
315
317
318
320
319
321
322
324
324
326
327
329
328
330
331
333
333
335
336
338
334
336
337
339
339
341
342
344
344
346
347
349
349
351
352
354
353
355
356
358
358
360
361
363
362
364
365
367
367
369
370
372
370
372
373
375
375
377
378
380
380
382
383
385
385
387
388
390
389
391
392
394
394
396
397
399
399
401
401
403
404
406
407
409
400
402
403
405
405
407
408
410
409
411
412
414
415
417
418
420
418
420
421
423
424
426
426
428
428
430
431
433
433
435
436
438
436
438
439
441
441
443
444
446
446
448
449
451
451
453
454
456
455
457
458
460
460
462
463
465
464
466
467
469
469
471
472
474
470
472
473
475
475
477
478
480
480
482
483
485
485
487
488
490
489
491
492
494
494
496
497
499
498
500
501
503
503
505
506
508
506
508
509
511
511
513
514
516
516
518
519
521
521
523
524
526
525
527
528
530
530
532
533
535
535
537
537
539
540
542
543
545
511
513
514
516
516
518
519
521
521
523
524
526
526
528
529
531
530
532
533
535
535
537
538
540
540
542
543
545
545
547
548
550
547
549
550
552
553
555
556
558
557
559
560
562
562
564
565
567
566
568
569
571
571
573
574
576
576
578
579
581
581
583
584
586
581
583
584
586
587
589
590
592
591
593
594
596
596
598
599
601
600
602
603
605
605
607
608
610
610
612
613
615
615
617
618
620
618
620
621
623
623
625
626
628
627
629
630
632
633
635
635
637
636
638
639
641
641
643
644
646
646
648
649
651
651
653
654
656
647
649
650
652
652
654
655
657
657
659
660
662
662
664
665
667
666
668
669
671
671
673
674
676
676
678
679
681
681
683
684
686
683
685
686
688
689
691
692
694
693
695
696
698
698
700
701
703
702
704
705
707
707
709
710
712
712
714
715
717
717
719
720
722
717
719
720
722
723
725
726
728
727
729
730
732
732
734
735
737
736
738
739
741
741
743
744
746
746
748
749
751
751
753
754
756
754
756
757
759
759
761
762
764
763
765
766
768
769
771
771
773
772
774
775
777
777
779
780
782
782
784
785
787
787
789
790
792
775
777
778
780
780
782
783
785
785
787
788
790
790
792
793
795
794
796
797
799
799
801
802
804
803
805
806
808
809
811
811
813
811
813
814
816
816
818
819
821
821
823
824
826
826
828
829
831
830
832
833
835
835
837
838
840
840
842
843
845
845
847
848
850
845
847
848
850
850
852
853
855
855
857
858
860
860
862
863
865
864
866
867
869
869
871
872
874
874
876
877
879
879
881
882
884
881
883
884
886
886
888
889
891
891
893
894
896
896
898
899
901
900
902
903
905
905
907
908
910
910
912
913
915
915
917
918
920
911
913
914
916
916
918
919
921
921
923
924
926
926
928
929
931
930
932
933
935
935
937
938
940
939
941
942
944
945
947
947
949
947
949
950
952
952
954
955
957
957
959
960
962
962
964
965
967
966
968
969
971
971
973
974
976
976
978
979
981
981
983
984
986
981
983
984
986
986
988
989
991
991
993
994
996
996
998
999
1001
1000
1002
1003
1005
1005
1007
1008
1010
1010
1012
1013
1015
1015
1017
1018
1020
1017
1019
1020
1022
1022
1024
1025
1027
1027
1029
1030
1032
1032
1034
1035
1037
1036
1038
1039
1041
1041
1043
1044
1046
1046
1048
1049
1051
1051
1053
1054
1056
991
993
994
996
996
998
999
1001
1001
1003
1004
1006
1006
1008
1009
1011
1010
1012
1013
1015
1015
1017
1018
1020
1020
1022
1023
1025
1025
1027
1028
1030
1027
1029
1030
1032
1033
1035
1035
1037
1037
1039
1040
1042
1042
1044
1045
1047
1046
1048
1049
1051
1051
1053
1054
1056
1056
1058
1059
1061
1061
1063
1064
1066
1061
1063
1064
1066
1067
1069
1069
1071
1071
1073
1074
1076
1076
1078
1079
1081
1080
1082
1083
1085
1085
1087
1088
1090
1090
1092
1093
1095
1095
1097
1098
1100
1098
1100
1101
1103
1103
1105
1106
1108
1107
1109
1110
1112
1112
1114
1115
1117
1116
1118
1119
1121
1121
1123
1124
1126
1126
1128
1129
1131
1131
1133
1134
1136
1127
1129
1130
1132
1132
1134
1135
1137
1137
1139
1140
1142
1142
1144
1145
1147
1146
1148
1149
1151
1151
1153
1154
1156
1156
1158
1159
1161
1161
1163
1164
1166
1163
1165
1166
1168
1169
1171
1171
1173
1173
1175
1176
1178
1178
1180
1181
1183
1182
1184
1185
1187
1187
1189
1190
1192
1192
1194
1195
1197
1197
1199
1200
1202
1197
1199
1200
1202
1203
1205
1205
1207
1207
1209
1210
1212
1212
1214
1215
1217
1216
1218
1219
1221
1221
1223
1224
1226
1226
1228
1229
1231
1231
1233
1234
1236
1234
1236
1237
1239
1239
1241
1242
1244
1243
1245
1246
1248
1248
1250
1251
1253
1252
1254
1255
1257
1257
1259
1260
1262
1262
1264
1265
1267
1267
1269
1270
1272
1255
1257
1258
1260
1260
1262
1263
1265
1265
1267
1268
1270
1270
1272
1273
1275
1274
1276
1277
1279
1279
1281
1282
1284
1283
1285
1286
1288
1288
1290
1291
1293
1291
1293
1294
1296
1296
1298
1299
1301
1301
1303
1304
1306
1306
1308
1309
1311
1310
1312
1313
1315
1315
1317
1318
1320
1320
1322
1322
1324
1325
1327
1328
1330
1325
1327
1328
1330
1330
1332
1333
1335
1335
1337
1338
1340
1340
1342
1343
1345
1344
1346
1347
1349
1349
1351
1352
1354
1354
1356
1356
1358
1359
1361
1362
1364
1361
1363
1364
1366
1366
1368
1369
1371
1371
1373
1374
1376
1376
1378
1379
1381
1380
1382
1383
1385
1385
1387
1388
1390
1390
1392
1393
1395
1395
1397
1398
1400
1391
1393
1394
1396
1396
1398
1399
1401
1401
1403
1404
1406
1406
1408
1409
1411
1410
1412
1413
1415
1415
1417
1418
1420
1419
1421
1422
1424
1424
1426
1427
1429
1427
1429
1430
1432
1432
1434
1435
1437
1437
1439
1440
1442
1442
1444
1445
1447
1446
1448
1449
1451
1451
1453
1454
1456
1456
1458
1458
1460
1461
1463
1464
1466
1461
1463
1464
1466
1466
1468
1469
1471
1471
1473
1474
1476
1476
1478
1479
1481
1480
1482
1483
1485
1485
1487
1488
1490
1490
1492
1492
1494
1495
1497
1498
1500
1497
1499
1500
1502
1502
1504
1505
1507
1507
1509
1510
1512
1512
1514
1515
1517
1516
1518
1519
1521
1521
1523
1524
1526
1526
1528
1529
1531
1531
1533
1534
1536
1502
1504
1505
1507
1508
1510
1511
1513
1512
1514
1515
1517
1517
1519
1520
1522
1521
1523
1524
1526
1526
1528
1529
1531
1531
1533
1534
1536
1536
1538
1539
1541
1539
1541
1542
1544
1544
1546
1547
1549
1548
1550
1551
1553
1554
1556
1556
1558
1557
1559
1560
1562
1562
1564
1565
1567
1567
1569
1570
1572
1572
1574
1575
1577
1573
1575
1576
1578
1578
1580
1581
1583
1582
1584
1585
1587
1588
1590
1590
1592
1591
1593
1594
1596
1596
1598
1599
1601
1601
1603
1604
1606
1606
1608
1609
1611
1609
1611
1612
1614
1614
1616
1617
1619
1619
1621
1622
1624
1624
1626
1627
1629
1628
1630
1630
1632
1633
1635
1636
1638
1637
1639
1640
1642
1642
1644
1645
1647
1638
1640
1641
1643
1644
1646
1647
1649
1648
1650
1651
1653
1653
1655
1656
1658
1657
1659
1660
1662
1662
1664
1665
1667
1667
1669
1670
1672
1672
1674
1675
1677
1675
1677
1678
1680
1680
1682
1683
1685
1684
1686
1687
1689
1690
1692
1692
1694
1693
1695
1696
1698
1698
1700
1701
1703
1703
1705
1706
1708
1708
1710
1711
1713
1709
1711
1712
1714
1714
1716
1717
1719
1718
1720
1721
1723
1724
1726
1726
1728
1727
1729
1730
1732
1732
1734
1735
1737
1737
1739
1740
1742
1742
1744
1745
1747
1745
1747
1748
1750
1750
1752
1753
1755
1755
1757
1758
1760
1760
1762
1763
1765
1764
1766
1766
1768
1769
1771
1772
1774
1773
1775
1776
1778
1778
1780
1781
1783
1766
1768
1769
1771
1771
1773
1774
1776
1776
1778
1779
1781
1781
1783
1784
1786
1785
1787
1788
1790
1790
1792
1793
1795
1795
1797
1798
1800
1800
1802
1803
1805
1802
1804
1805
1807
1807
1809
1810
1812
1812
1814
1815
1817
1817
1819
1820
1822
1821
1823
1824
1826
1826
1828
1829
1831
1831
1833
1834
1836
1836
1838
1839
1841
1836
1838
1839
1841
1841
1843
1844
1846
1846
1848
1849
1851
1851
1853
1854
1856
1855
1857
1858
1860
1860
1862
1863
1865
1865
1867
1868
1870
1870
1872
1873
1875
1873
1875
1875
1877
1878
1880
1881
1883
1882
1884
1885
1887
1887
1889
1890
1892
1891
1893
1894
1896
1896
1898
1899
1901
1901
1903
1904
1906
1906
1908
1909
1911
1902
1904
1905
1907
1907
1909
1910
1912
1912
1914
1915
1917
1917
1919
1920
1922
1921
1923
1924
1926
1926
1928
1929
1931
1931
1933
1934
1936
1936
1938
1939
1941
1938
1940
1941
1943
1943
1945
1946
1948
1948
1950
1951
1953
1953
1955
1956
1958
1957
1959
1960
1962
1962
1964
1965
1967
1967
1969
1970
1972
1972
1974
1975
1977
1972
1974
1975
1977
1977
1979
1980
1982
1982
1984
1985
1987
1987
1989
1990
1992
1991
1993
1994
1996
1996
1998
1999
2001
2001
2003
2004
2006
2006
2008
2009
2011
2009
2011
2011
2013
2014
2016
2017
2019
2018
2020
2021
2023
2023
2025
2026
2028
2027
2029
2030
2032
2032
2034
2035
2037
2037
2039
2040
2042
2042
2044
2045
2047
